1,578:1
578,1:1
1,519:3,12,38,130703
519,1:3,12,38,130703,13
1,687:6,18
687,1:6,18
1,496:8
496,1:8
1,369:9,34,130706
369,1:9,34,130706
1,370:10
370,1:10,66683
1,29:14
29,1:14
1,600:15
600,1:15
1,151:17
151,1:17
1,407:19
407,1:19,20937
1,267:20
267,1:20
1,520:21,29,130709
520,1:21,29,130709
1,640:22
640,1:22
1,221:23
221,1:23
1,228:24
228,1:24
1,661:25
661,1:25
1,518:26,32,36,42,130712
518,1:26,32,36,42,130712,16
1,570:27
570,1:27
1,305:28,35
305,1:28,35,0
1,229:30
229,1:30
1,310:31
310,1:31,29952
1,367:39
367,1:39
1,70:40,130697
70,1:40,130697
1,276:41,25760
276,1:41,25760
1,487:43
487,1:43
1,28:44
28,1:44
1,516:45,52,130710,56
516,1:45,52,130710
1,693:46
693,1:46
1,150:47
150,1:47
1,421:48
421,1:48
1,410:49
410,1:49
1,359:50
359,1:50
1,166:51
166,1:51
1,415:53
415,1:53
1,199:55
199,1:55
1,430:57,7
430,1:57
2,606:58
606,2:58
2,516:59
516,2:59
2,117:60
117,2:60
2,430:63
430,2:63
2,662:65
662,2:65
2,518:67
518,2:67
2,687:68
687,2:68
2,641:69
641,2:69
2,146:70
146,2:70
2,300:71
300,2:71
2,654:72,163680
654,2:72,163680
2,151:73
151,2:73
2,139:74
139,2:74
2,413:76
413,2:76
2,125:77
125,2:77
2,684:78
684,2:78
2,519:79,82,130718,61
519,2:79,82,130718
2,444:80
444,2:80
3,191:83
191,3:83
3,519:84,91,171,130741,157,180
519,3:84,91,171,130741,157,4366
3,272:85
272,3:85
3,271:86,115,121,198
271,3:86,115,121,5273,190
3,518:87,90,117,123,2652,136,173
518,3:87,90,117,123,119
3,652:88
652,3:88
3,60:89,120
60,3:89,120
3,79:92
79,3:92
3,165:94,160
165,3:94,160
3,101:95
101,3:95
3,430:96,110,131,152,154,162,182,193,167
430,3:96,110,131,152,154,162,182,193,424
3,131:97,107,175,178
131,3:97,107,175,178
3,365:99,130730
365,3:99,130730
3,139:100,195,48188
139,3:100,195,139
3,506:102,130721
506,3:102,130721
3,210:104
210,3:104
3,269:105,200,212
269,3:105,200,212,151
3,481:108
481,3:108
3,494:109,149
494,3:109,149
3,86:111
86,3:111,216
3,487:113,45362
487,3:113,45362
3,407:114,140,215
407,3:114,140,167
3,133:118
133,3:118
3,613:122
613,3:122
3,369:125
369,3:125
3,674:127
674,3:127
3,688:128,120173,5718
688,3:128,120173
3,270:129
270,3:129
3,419:130
419,3:130
3,360:132
360,3:132
3,37:133
37,3:133
3,606:134
606,3:134
3,490:135,46310
490,3:135
3,517:138,130732,130756,119
517,3:138,130732,130756
3,641:141
641,3:141
3,221:142
221,3:142
3,8:144
8,3:144
3,115:145,184
115,3:145,8017,136
3,3:146,146,130752,130752
3,351:147,130731,130733,205
351,3:147,130731,130733
3,70:148,4842,139
70,3:148,4842,4682
3,84:150
84,3:150
3,479:155
479,3:155
3,127:156
127,3:156
3,695:158,128035
695,3:158,128035
3,409:159,181,126
409,3:159,181
3,364:161,188,27927
364,3:161,188
3,370:163,222
370,3:163,222
3,316:165
316,3:165
3,36:166
36,3:166
3,114:168
114,3:168
3,130:170
130,3:170
3,169:172
169,3:172,215
3,605:174,157203
605,3:174,157203
3,300:176,130738
300,3:176,130738
3,190:177
190,3:177
3,96:179,7985,8017
96,3:179,7985,101,126,8150
3,166:183,204
166,3:183,204
3,483:186,219,187,40143
483,3:186,219,185
3,110:189
110,3:189
3,376:191
376,3:191
3,366:192
366,3:192,46310
3,283:194,139437
283,3:194,139437
3,219:196
219,3:196
3,93:197,130744,133061
93,3:197,130744,133061,8559
3,23:199
23,3:199
3,275:201
275,3:201
3,501:202
501,3:202
3,578:203
578,3:203
3,516:206,228
516,3:206
3,150:207,93
150,3:207
3,42:208
42,3:208,2652
3,28:209,130729
28,3:209,130729
3,620:210
620,3:210
3,367:211
367,3:211
3,410:214,130757,221
410,3:214,130757,143
3,123:217
123,3:217
3,687:220
687,3:220
3,415:223
415,3:223
3,305:225
305,3:225
3,647:226
647,3:226
3,104:227,130760
104,3:227,130760
3,611:230,158362
611,3:230,158362
3,627:231
627,3:231
4,370:232
370,4:232
4,516:233
516,4:233
4,412:234
412,4:234
4,519:235
519,4:235,246
4,145:236
145,4:236
4,131:237
131,4:237
4,167:239,260
167,4:239,260
4,410:240
410,4:240
4,95:241
95,4:241
4,603:242
603,4:242
4,473:243
473,4:243
4,105:245
105,4:245
4,116:247
116,4:247
4,64:248
64,4:248
4,179:249
179,4:249
4,115:250
115,4:250
4,409:252
409,4:252
4,588:253
588,4:253
4,191:257
191,4:257
4,660:258
660,4:258
4,139:261
139,4:261
5,520:263
520,5:263
5,139:264
139,5:264
5,410:265,130773
410,5:265,130773
5,77:266,5835
77,5:266
5,122:267
122,5:267
5,349:268
349,5:268
5,144:269
144,5:269
5,149:270,294
149,5:270,294
5,470:272
470,5:272
5,98:273
98,5:273,297
5,685:274,281,117542,168468,12160
685,5:274,281,117542,168468
5,372:275
372,5:275
5,506:276
506,5:276
5,417:277
417,5:277
5,407:278,130780
407,5:278,130780
5,430:279
430,5:279
5,601:280
601,5:280
5,166:283
166,5:283
5,519:284
519,5:284,288
5,282:285
282,5:285
5,187:286
187,5:286
5,176:287,135063
176,5:287,135063
5,483:289
483,5:289
5,291:290
291,5:290
5,131:291,66148
131,5:291
5,8:292
8,5:292
5,29:293
29,5:293
5,360:295
360,5:295
5,271:296,288
271,5:296,82271
6,614:299
614,6:299
6,208:300
208,6:300
6,41:302
41,6:302
6,171:306,304
171,6:306
6,32:307
32,6:307
6,306:309
306,6:309
6,84:313
84,6:313
6,78:314,6104
78,6:314,6104
6,430:315,370,130790,312,321,331
430,6:315,370,130790,312,304
6,185:316,130783
185,6:316,130783
6,600:317
600,6:317
6,388:318
388,6:318
6,467:319
467,6:319
6,519:320,363
519,6:320,363
6,167:322,343
167,6:322,343
6,23:323
23,6:323
6,131:324,328,82377
131,6:324,328
6,88:325
88,6:325
6,407:326,337,339,364,130804,347
407,6:326,337,339,364,130804
6,518:327,334,130808
518,6:327,334,130808,47951
6,86:330,130793
86,6:330,130793
6,426:332
426,6:332
6,156:333
156,6:333
6,476:335
476,6:335
6,114:338,130781,130801
114,6:338,130781,130801
6,95:340
95,6:340
6,364:342
364,6:342
6,139:345,350
139,6:345,350
6,410:346
410,6:346
6,516:348,365,130786
516,6:348,365,130786
6,97:349,351
97,6:349,351
6,348:352
348,6:352
6,681:353,114963
681,6:353,114963
6,270:354
270,6:354
6,468:355
468,6:355
6,279:356
279,6:356
6,590:357
590,6:357
6,269:358
269,6:358
6,195:359
195,6:359
6,200:360
200,6:360,17102
6,661:361,336
661,6:361
6,101:362,303
101,6:362
6,211:366,19429
211,6:366,19429
6,115:367,130799
115,6:367,130799
6,129:369
129,6:369
6,620:371,130805
620,6:371,130805
6,367:372
367,6:372,329
6,387:373
387,6:373
6,91:375
91,6:375
6,146:376
146,6:376
6,271:377
271,6:377
7,520:378
520,7:378
7,365:379
365,7:379
7,107:383
107,7:383
7,430:384,391,130830,424
430,7:384,391,130830
7,515:385
515,7:385
7,599:387
599,7:387
7,114:389
114,7:389
7,366:390,436
366,7:390,436
7,215:393
215,7:393
7,501:394
501,7:394
7,449:395,39940
449,7:395,39940
7,518:396,130820,130829
518,7:396,130820,130829,382,17191,388,6375
7,150:398,12170
150,7:398,12170
7,82:401
82,7:401
7,660:402,444
660,7:402
7,601:403
601,7:403
7,301:404
301,7:404
7,179:405
179,7:405
7,131:406,381,447
131,7:406
7,95:407,7801
95,7:407,7801
7,516:408,409,428,382
516,7:408,409,428,228
7,130:410
130,7:410
7,675:411
675,7:411
7,519:412,421,9421,427
519,7:412,421
7,139:414
139,7:414,10304
7,502:415
502,7:415
7,695:416
695,7:416
7,187:417
187,7:417
7,681:418
681,7:418
7,267:419,435
267,7:419,435
7,468:420
468,7:420
7,191:422,437
191,7:422
7,317:423
317,7:423
7,201:425
201,7:425
7,659:429
659,7:429
7,364:430
364,7:430
7,105:431
105,7:431
7,126:432
126,7:432,427
7,684:433
684,7:433
7,409:434
409,7:434
7,271:438
271,7:438
7,472:440
472,7:440
7,426:441
426,7:441
7,115:442
115,7:442
7,517:443
517,7:443
7,382:445
382,7:445
7,685:446
685,7:446
8,32:448
32,8:448
8,417:450
417,8:450
8,520:452,457,603,130842,7348,13772,498
520,8:452,457,603,130842,509
8,322:453
322,8:453
8,8:454,454,487
8,36:456,468
36,8:456
8,271:458,540,605,610
271,8:458,540,605,610
8,456:459
456,8:459
8,131:462,574,584
131,8:462
8,518:463,525
518,8:463
8,436:465,143093
436,8:465,143093
8,685:466,511,575,116352
685,8:466,511,575
8,90:467,449
90,8:467
8,686:469
686,8:469
8,413:470,580,130856
413,8:470,580,130856
8,366:471,570
366,8:471
8,168:472
168,8:472
8,469:473
469,8:473,486
8,96:474,130877
96,8:474,130877,478,549
8,365:476,538
365,8:476,538
8,367:477,480,130880
367,8:477,480,130880
8,150:481
150,8:481
8,681:482,130861,167038
681,8:482,130861,167038,115428
8,74:483,5548
74,8:483,5548
8,146:485,585,600,607,130843,130871
146,8:485,585,600,607,130843,130871
8,208:488
208,8:488
8,38:489,484
38,8:489
8,416:492
416,8:492
8,359:493,130878
359,8:493,130878
8,519:494,606,475,508,549
519,8:494,606,532,116352
8,286:495,565
286,8:495,565,464
8,430:496,519,556,566,588,542,598
430,8:496,519,556,566,588,45588,508
8,516:497,504,557,130841,486,509,44711
516,8:497,504,557,130841
8,195:499
195,8:499
8,505:500
505,8:500
8,320:501
320,8:501
8,217:503
217,8:503
8,503:505,146509,577
503,8:505,146509
8,151:507
151,8:507
8,369:510,555,601
369,8:510,555,601
8,344:512
344,8:512,33936
8,114:513,599
114,8:513,599
8,103:514
103,8:514
8,156:515,545,491
156,8:515,545
8,576:516
576,8:516
8,483:517
483,8:517
8,680:521,578,590,166877
680,8:521,578,590,166877
8,684:522
684,8:522
8,470:526,42982
470,8:526,42982
8,609:527
609,8:527
8,351:528,611
351,8:528,611
8,318:529
318,8:529
8,590:530,604
590,8:530,604
8,140:533
140,8:533
8,53:534
53,8:534
8,102:535
102,8:535
8,166:536,551,593
166,8:536,551,593,43593
8,98:537
98,8:537
8,269:539
269,8:539
8,179:541,135130,135149
179,8:541,135130,135149,13772
8,139:543,130837,523,45490
139,8:543,130837,502,570
8,84:544
84,8:544
8,82:546,6079
82,8:546
8,517:547
517,8:547,98836
8,221:548,455
221,8:548
8,345:552
345,8:552
8,326:554,141320
326,8:554,141320,581
8,86:558,579
86,8:558,579,461,7348
8,167:559,569
167,8:559,569
8,101:560,506
101,8:560,468,582
8,380:563,461
380,8:563
8,248:564,130844
248,8:564,130844
8,149:567
149,8:567
8,305:568,608,479
305,8:568,608
8,56:571
56,8:571
8,662:572,108238
662,8:572
8,291:573,594,130851
291,8:573,594,130851
8,220:576
220,8:576
8,34:583
34,8:583
8,605:586,80883
605,8:586,80883
8,144:587
144,8:587
8,85:589,130840
85,8:589,130840
8,498:591
498,8:591
8,304:592
304,8:592
8,70:595,4772,460
70,8:595,4772
8,303:596
303,8:596
8,106:597,9459
106,8:597,9459
8,91:602
91,8:602
8,586:609
586,8:609
9,685:612,650
685,9:612,650
9,516:613,130891,630
516,9:613,130891,643
9,520:615,639,644
520,9:615,639,644
9,133:616
133,9:616
9,430:617
430,9:617,8178
9,131:618
131,9:618
9,271:619,627
271,9:619,627
9,375:620
375,9:620
9,93:622,130889
93,9:622,130889
9,28:623
28,9:623
9,24:624
24,9:624
9,193:629
193,9:629
9,641:631
641,9:631
9,146:632
146,9:632
9,279:633
279,9:633
9,109:634
109,9:634
9,383:635
383,9:635
9,8:636,475
8,9:636,626
9,449:638
449,9:638
9,469:640
469,9:640
9,519:641,652,130883,130887,621
519,9:641,652,130883,130887,475
9,683:642
683,9:642
9,139:645,653,625
139,9:645,653
9,122:646
122,9:646
9,483:647
483,9:647
9,415:648
415,9:648
9,518:649
518,9:649
9,27:651
27,9:651
9,416:654
416,9:654,628
10,694:655
694,10:655
10,305:656,12964
305,10:656
10,150:657,134533,712
150,10:657,134533
10,652:658
652,10:658
10,8:659
8,10:659
10,174:661
174,10:661
10,302:663
302,10:663
10,494:664
494,10:664
10,640:665
640,10:665
10,518:666,691
518,10:666,691
10,68:667
68,10:667
10,620:668
620,10:668
10,20:670
20,10:670
10,645:671
645,10:671
10,200:672
200,10:672
10,187:673
187,10:673
10,430:675,682
430,10:675,682,674
10,350:676
350,10:676
10,304:677,140161
304,10:677,140161
10,674:678
674,10:678
10,131:679
131,10:679
10,151:680,12556
151,10:680,12556
10,156:681
156,10:681
10,520:683
520,10:683
10,144:684
144,10:684
10,220:685
220,10:685
10,149:686,707
149,10:686,707
10,638:688
638,10:688
10,127:689
127,10:689
10,93:692
93,10:692
10,105:693
105,10:693
10,194:694
194,10:694
10,192:695
192,10:695
10,27:696
27,10:696
10,78:697
78,10:697
10,63:698
63,10:698
10,84:699
84,10:699
10,578:700
578,10:700
10,657:701
657,10:701
10,407:702,703
407,10:702,703
10,436:704
436,10:704
10,287:705
287,10:705
10,673:706
673,10:706
10,198:708
198,10:708
10,487:709
487,10:709
10,516:713
516,10:713
10,359:715
359,10:715
11,6:716
6,11:716
11,619:717
619,11:717
11,271:718,735,737
271,11:718,735,737
11,518:720,734,752,130928,29580
518,11:720,734,752,130928,727,768,791
11,501:721
501,11:721
11,139:722,759
139,11:722,759
11,114:723
114,11:723
11,287:725
287,11:725
11,674:728
674,11:728
11,221:729
221,11:729
11,694:730,127554
694,11:730,127554
11,133:731
133,11:731
11,86:732
86,11:732
11,115:736,768
115,11:736
11,90:739
90,11:739
11,599:741,751
599,11:741,751
11,282:745
282,11:745
11,641:746
641,11:746
11,349:748,786
349,11:748,786
11,87:749,727
87,11:749
11,200:750
200,11:750
11,364:753
364,11:753
11,467:754
467,11:754
11,516:755
516,11:755
11,430:756,758
430,11:756
11,120:757
120,11:757
11,82:761
82,11:761
11,344:762
344,11:762
11,369:764
369,11:764
11,413:765,740
413,11:765,726
11,69:766
69,11:766
11,407:769,719
407,11:769,758
11,78:770
78,11:770,6246
11,624:771
624,11:771
11,159:772
159,11:772
11,15:773
15,11:773
11,305:776,784
305,11:776,784,738
11,689:777
689,11:777
11,37:778
37,11:778
11,470:780
470,11:780
11,91:781
91,11:781
11,24:782
24,11:782
11,149:783
149,11:783,719
11,165:785
165,11:785
11,357:787
357,11:787
11,582:788
582,11:788
11,462:790
462,11:790
12,305:794
305,12:794
12,382:797
382,12:797
12,159:798
159,12:798
12,566:799
566,12:799
12,271:800
271,12:800
12,609:801
609,12:801
12,366:803
366,12:803
12,519:804,130940,795
519,12:804,130940,812
12,129:805
129,12:805
12,383:806
383,12:806
12,23:807
23,12:807,795
12,590:808,810
590,12:808,810
12,379:809
379,12:809
12,518:813
518,12:813
13,375:814
375,13:814
13,271:817
271,13:817,815
13,121:818
121,13:818
14,519:819,130946
519,14:819,130946
14,590:820
590,14:820
14,503:821,49039
503,14:821,49039
14,520:822
520,14:822,831
14,44:823,881,841
44,14:823,881
14,518:824,853,860,864,865,870,887,899,918,838
518,14:824,853,860,864,865,870,887,899,918,829,875,879
14,36:827,835,1693
36,14:827,835
14,595:828
595,14:828
14,95:832
95,14:832
14,176:833
176,14:833
14,131:836,886
131,14:836
14,370:839,130963
370,14:839,130963,886
14,691:842
691,14:842
14,373:844
373,14:844
14,45:845,130968
45,14:845,130968
14,367:846
367,14:846
14,271:847,876,896,871
271,14:847,876,896
14,167:848,903,908
167,14:848,903,908
14,364:849,907,869
364,14:849,907
14,407:851,854
407,14:851,854
14,28:852,892
28,14:852
14,380:855
380,14:855
14,565:856
565,14:856
14,678:857
678,14:857
14,195:858,888
195,14:858,888
14,192:859
192,14:859
14,201:862
201,14:862
14,156:863
156,14:863,902
14,79:866
79,14:866
14,221:867
221,14:867
14,228:873,130955
228,14:873,130955
14,349:874
349,14:874
14,695:877
695,14:877
14,409:878
409,14:878
14,97:880
97,14:880
14,174:882
174,14:882
14,322:883,875
322,14:883
14,71:884,130966
71,14:884,130966,837
14,369:885,897
369,14:885,897
14,209:889
209,14:889
14,154:890
154,14:890
14,276:893,130948
276,14:893,130948
14,92:894
92,14:894
14,662:898,130944,130961
662,14:898,130944,130961
14,46:900
46,14:900
14,602:901
602,14:901
14,146:904
146,14:904
14,155:905
155,14:905
14,412:906
412,14:906
14,305:909,130952,829
305,14:909,130952,892
14,371:910
371,14:910
14,225:911
225,14:911
14,139:912
139,14:912
14,413:913
413,14:913
14,375:914
375,14:914
14,387:915
387,14:915
14,54:916,130959
54,14:916,130959
14,59:917
59,14:917
15,375:920,991
375,15:920,991
15,517:921,949,955,959
517,15:921,949,955,959
15,654:922,7536
654,15:922
15,288:923
288,15:923
15,26:925
26,15:925
15,599:926,986
599,15:926,986
15,383:927
383,15:927
15,271:928,929,936,973,1014
271,15:928,929,936,25614
15,155:930,130972
155,15:930,130972
15,28:931,997
28,15:931,997
15,116:932
116,15:932
15,166:933
166,15:933
15,310:934
310,15:934
15,159:935,989
159,15:935
15,518:937,947,957,972,130976,130987,130988,131002,985
518,15:937,947,957,972,130976,130987,130988,131002,971,990,960
15,298:938
298,15:938
15,81:940
81,15:940
15,167:941,969,1002
167,15:941,969,1002
15,503:943
503,15:943
15,290:944
290,15:944
15,674:945,166320
674,15:945,166320
15,606:946
606,15:946
15,369:948
369,15:948,980,8689
15,359:950
359,15:950
15,365:952
365,15:952
15,430:953
430,15:953
15,372:954
372,15:954
15,130:956
130,15:956
15,78:961,968,132556,919
78,15:961,968,132556
15,413:963
413,15:963,68492
15,360:964
360,15:964
15,267:966
267,15:966
15,689:967,131000
689,15:967,131000,996
15,410:970
410,15:970
15,305:974,1006,1017,1015
305,15:974,1006,1017
15,370:975,131007
370,15:975,131007
15,27:976
27,15:976
15,687:977
687,15:977
15,693:978
693,15:978,125001
15,157:979
157,15:979
15,219:981,130980
219,15:981,130980
15,380:982
380,15:982
15,621:983
621,15:983
15,120:987
120,15:987
15,190:988
190,15:988
15,80:993
80,15:993
15,193:994
193,15:994
15,306:995
306,15:995
15,114:998
114,15:998
15,326:999
326,15:999
15,121:1001
121,15:1001
15,328:1003,33198,33239
328,15:1003,33198,33239
15,649:1004
649,15:1004
15,640:1005
640,15:1005
15,367:1007
367,15:1007
15,192:1008
192,15:1008
15,576:1009
576,15:1009
15,624:1010,1021
624,15:1010,1021
15,516:1011,958
516,15:1011
15,520:1012,1018
520,15:1012,1018,965
15,149:1013
149,15:1013
15,187:1016,15209
187,15:1016,15209
15,605:1019,157130
605,15:1019,157130
15,416:1020
416,15:1020
15,580:1023,131001
580,15:1023,131001
15,671:1024
671,15:1024
16,409:1025
409,16:1025
16,520:1026,1036,1043,1034,25751
520,16:1026,1036,1043
16,36:1027,1033
36,16:1027,1033
16,411:1028
411,16:1028
16,662:1030
662,16:1030
16,221:1035
221,16:1035
16,468:1037
468,16:1037
16,518:1038
518,16:1038
16,301:1040
301,16:1040
16,271:1042,1032,27463
271,16:1042
16,23:1045
23,16:1045
16,139:1047
139,16:1047
17,366:1049
366,17:1049
17,345:1050
345,17:1050
17,350:1052
350,17:1052
17,54:1053
54,17:1053
17,274:1054
274,17:1054
17,370:1055
370,17:1055
17,618:1057
618,17:1057,1059
17,68:1058
68,17:1058
17,31:1060
31,17:1060
17,468:1061
468,17:1061
17,518:1062,1068,1070,1084,131024,131026,66676
518,17:1062,1068,1070,1084,131024,131026
17,367:1063
367,17:1063
17,269:1065
269,17:1065
17,415:1067
415,17:1067
17,430:1069
430,17:1069,12641
17,11:1071
11,17:1071
17,369:1072
369,17:1072
17,480:1075
480,17:1075
17,571:1077
571,17:1077
17,681:1078
681,17:1078,1073,114178
17,295:1080
295,17:1080
17,409:1082
409,17:1082
17,36:1085,1048
36,17:1085
18,68:1086
68,18:1086
18,139:1087,1118,1139
139,18:1087,1118,1139
18,430:1088,1129,131033,1106
430,18:1088,1129,131033
18,615:1090
615,18:1090
18,117:1091
117,18:1091
18,38:1092,1140
38,18:1092,1140
18,367:1093,131038
367,18:1093,131038
18,166:1094
166,18:1094
18,681:1095
681,18:1095,114714
18,383:1096
383,18:1096
18,41:1097,131457
41,18:1097,131457
18,131:1099
131,18:1099
18,483:1100
483,18:1100
18,271:1101,1124
271,18:1101,1124
18,629:1102
629,18:1102
18,604:1103
604,18:1103
18,320:1105
320,18:1105
18,33:1108
33,18:1108
18,519:1110,1126
519,18:1110,1126
18,221:1111,32725
221,18:1111
18,675:1112,1120
675,18:1112,1120
18,137:1113
137,18:1113
18,199:1115
199,18:1115
18,295:1117
295,18:1117
18,127:1121,1125
127,18:1121,1125
18,518:1122,131042,4533
518,18:1122,131042
18,313:1127
313,18:1127
18,326:1130
326,18:1130
18,146:1131,114714
146,18:1131
18,202:1132
202,18:1132
18,356:1133
356,18:1133
18,190:1135
190,18:1135
18,144:1137
144,18:1137
18,596:1138
596,18:1138
19,146:1141
146,19:1141
19,28:1142,1170,131049
28,19:1142,1170,131049
19,360:1143
360,19:1143
19,687:1144
687,19:1144
19,191:1146
191,19:1146
19,71:1147,5048
71,19:1147,127984,1157
19,121:1149
121,19:1149
19,305:1150,1145
305,19:1150
19,309:1151
309,19:1151
19,130:1153
130,19:1153
19,516:1154
516,19:1154
19,387:1158
387,19:1158
19,674:1159
674,19:1159
19,518:1160,1178,131045,1157,1181
518,19:1160,1178,131045,1152,1171
19,681:1162
681,19:1162
19,164:1163
164,19:1163
19,271:1164,1171
271,19:1164
19,104:1167
104,19:1167,1183
19,520:1168,1152
520,19:1168,5048
19,614:1169,1177
614,19:1169,1177
19,369:1172
369,19:1172
19,167:1173,1156
167,19:1173,9357,28415
19,129:1174
129,19:1174
19,79:1175
79,19:1175
19,519:1176
519,19:1176
19,469:1179
469,19:1179
19,609:1180
609,19:1180
19,115:1182
115,19:1182
19,319:1184
319,19:1184
19,365:1185
365,19:1185
19,210:1186
210,19:1186
19,44:1187,1189
44,19:1187,1189
19,430:1188
430,19:1188
20,248:1191
248,20:1191
20,271:1192,1265
271,20:1192,1265
20,647:1194
647,20:1194
20,516:1195,1210
516,20:1195
20,144:1196,1270,11752
144,20:1196,1270
20,303:1197
303,20:1197
20,300:1198,1225
300,20:1198,1225
20,86:1199
86,20:1199
20,28:1200
28,20:1200,13200
20,519:1201,1230,66259
519,20:1201,1230
20,315:1202
315,20:1202
20,518:1203,1206,1216,1239,1246,131072,1209,1260
518,20:1203,1206,1216,1239,1246,131072,1217
20,38:1204,1226,1243
38,20:1204,1226,1243
20,181:1207
181,20:1207
20,96:1208
96,20:1208
20,215:1211
215,20:1211
20,163:1213
163,20:1213
20,433:1214,37742
433,20:1214,37742
20,302:1215
302,20:1215
20,213:1219
213,20:1219
20,351:1221,142120
351,20:1221,142120
20,413:1222,1240,131071
413,20:1222,1240,131071
20,167:1224
167,20:1224
20,161:1227
161,20:1227
20,380:1228
380,20:1228
20,151:1229
151,20:1229
20,353:1231
353,20:1231
20,24:1233,131058
24,20:1233,131058
20,301:1234,28231
301,20:1234,28231
20,581:1235
581,20:1235
20,286:1236
286,20:1236
20,41:1237
41,20:1237
20,31:1238
31,20:1238
20,198:1241,16029
198,20:1241,16029
20,120:1242
120,20:1242
20,140:1244
140,20:1244
20,600:1245,154914
600,20:1245,154914
20,231:1248
231,20:1248
20,221:1249,117649
221,20:1249,1205
20,166:1250,1262,1190,1217,1220
166,20:1250,1262
20,675:1251
675,20:1251
20,682:1252
682,20:1252
20,14:1253
14,20:1253
20,430:1254,1264,131055
430,20:1254,1264,131055,11752
20,272:1256
272,20:1256
20,352:1257
352,20:1257
20,156:1258,131065
156,20:1258,131065,1220,1255
20,364:1259,1212
364,20:1259,1218
20,601:1261
601,20:1261
20,309:1263
309,20:1263
20,681:1267,115372,1255,114085
681,20:1267,115372
20,146:1269
146,20:1269
21,157:1272
157,21:1272,1310
21,680:1273,166873,112896
680,21:1273,166873
21,48:1275
48,21:1275
21,421:1276
421,21:1276
21,576:1277
576,21:1277
21,498:1278
498,21:1278
21,685:1279,117941,168221
685,21:1279,117941,168221
21,163:1281,1301
163,21:1281,21773
21,36:1282
36,21:1282
21,369:1283,1312,131082
369,21:1283,1312,131082,1340
21,212:1284
212,21:1284
21,349:1285
349,21:1285
21,621:1286
621,21:1286
21,220:1287,1353,21295
220,21:1287,1353,21295
21,166:1288,1322,1343,1352
166,21:1288,1322,1343,1352
21,380:1289
380,21:1289
21,271:1290,1296,1338
271,21:1290,1296,1338
21,518:1292,1297
518,21:1292,1274,1305,64527
21,345:1293,34119
345,21:1293,34119
21,33:1294,1323
33,21:1294,1323
21,120:1295
120,21:1295
21,430:1299,1303,1314,1271
430,21:1299,1303,1314,7567,112896,127098
21,186:1300
186,21:1300
21,517:1302,1350,1274
517,21:1302,1350
21,38:1304,48930,85872,100544
38,21:1304,1298,1319,1335,2347
21,590:1306
590,21:1306
21,140:1307,33017
140,21:1307,1329,1301
21,519:1309,1347
519,21:1309,1347,1280
21,105:1311
105,21:1311
21,412:1313
412,21:1313
21,15:1315
15,21:1315
21,139:1316
139,21:1316
21,302:1317,1339,28414,28424
302,21:1317,1339,28414,28424
21,611:1320
611,21:1320,85872
21,409:1321,131080
409,21:1321,131080
21,615:1324
615,21:1324
21,681:1325,115246,114464
681,21:1325,115246,114464
21,441:1326
441,21:1326
21,652:1330
652,21:1330
21,156:1332,1334
156,21:1332,1334
21,24:1336
24,21:1336
21,516:1337
516,21:1337,1291
21,476:1342
476,21:1342
21,366:1345
366,21:1345
21,323:1346
323,21:1346
21,301:1348
301,21:1348
21,367:1349,131085,1341
367,21:1349,131085
21,327:1351
327,21:1351,33017
21,324:1354
324,21:1354
21,54:1355
54,21:1355
21,689:1356,120481
689,21:1356,120481
22,167:1357
167,22:1357
22,156:1358
156,22:1358,1362
22,611:1360
611,22:1360
22,35:1361
35,22:1361
22,369:1363,126776
369,22:1363
22,365:1364
365,22:1364
22,84:1365
84,22:1365
22,63:1366
63,22:1366
22,87:1368
87,22:1368
22,516:1369
516,22:1369
22,681:1372,131103,167331
681,22:1372,131103,167331
22,181:1373
181,22:1373
22,433:1376
433,22:1376
22,692:1377
692,22:1377,1381,42844
22,166:1379,1406
166,22:1379,17507
22,74:1383
74,22:1383
22,21:1384,131107
21,22:1384,131107
22,272:1385,1419
272,22:1385,1419
22,410:1386
410,22:1386
22,419:1387
419,22:1387
22,28:1388,1412,131098,131101
28,22:1388,1412,131098,131101,43031
22,517:1391
517,22:1391,28779
22,407:1392
407,22:1392
22,159:1393
159,22:1393
22,139:1394
139,22:1394
22,130:1395,131105
130,22:1395,131105
22,67:1396
67,22:1396
22,502:1397
502,22:1397
22,24:1398
24,22:1398
22,150:1400,12263
150,22:1400,12263
22,8:1401
8,22:1401
22,519:1403
519,22:1403
22,271:1404,1389,1420
271,22:1404
22,36:1405
36,22:1405
22,380:1407
380,22:1407
22,305:1409,1371
305,22:1409,1414
22,281:1410
281,22:1410
22,42:1411
42,22:1411
22,296:1413,131109
296,22:1413,131109
22,685:1415
685,22:1415
22,454:1416
454,22:1416
22,69:1417
69,22:1417
22,495:1418
495,22:1418
22,60:1421
60,22:1421
23,33:1423
33,23:1423
23,65:1425
65,23:1425
23,300:1426
300,23:1426,27938
23,229:1429,23795
229,23:1429
23,364:1430
364,23:1430
23,586:1431
586,23:1431
23,506:1432
506,23:1432
23,305:1433,1436,22820
305,23:1433,1436,1427,1475
23,32:1434,1910,1904
32,23:1434,1910
23,650:1435
650,23:1435
23,47:1437
47,23:1437
23,518:1440,1445,1470,1484,1498,3707,1439
518,23:1440,1445,1470,1484,1498,1467
23,605:1441
605,23:1441
23,38:1442,131110,131113
38,23:1442,131110,131113,1904
23,370:1443,1468
370,23:1443,1468
23,598:1444
598,23:1444
23,570:1446,1456,1497,149976
570,23:1446,1456,1497,149976
23,337:1447
337,23:1447
23,689:1448,120667,120722
689,23:1448,120667
23,599:1449,1465
599,23:1449,1465,69285
23,516:1450,1503,131132
516,23:1450,1503,131132
23,42:1451,1459,1469,1487
42,23:1451,1459,1469,1487
23,483:1453
483,23:1453
23,37:1454,1464
37,23:1454,1464
23,14:1455
14,23:1455
23,415:1457
415,23:1457
23,86:1458,7172
86,23:1458
23,407:1460
407,23:1460
23,367:1461
367,23:1461
23,681:1462,113705
681,23:1462
23,674:1463,111891,166359
674,23:1463,111891,166359
23,149:1466,1485,131121
149,23:1466,1485,131121
23,108:1471
108,23:1471
23,640:1473
640,23:1473
23,375:1474
375,23:1474
23,270:1476
270,23:1476
23,193:1477,1475
193,23:1477
23,647:1478
647,23:1478,99331
23,41:1479,1749
41,23:1479
23,199:1481,136021
199,23:1481,136021
23,351:1482
351,23:1482
23,24:1483
24,23:1483
23,28:1486,131130
28,23:1486,131130,1439
23,225:1488
225,23:1488
23,167:1490
167,23:1490
23,192:1491
192,23:1491
23,327:1493
327,23:1493
23,425:1496
425,23:1496
23,248:1499
248,23:1499
23,160:1501
160,23:1501,1494
23,190:1502
190,23:1502
23,271:1504
271,23:1504,5440,23795,90959
24,63:1506
63,24:1506
24,383:1507
383,24:1507
24,380:1509
380,24:1509
24,369:1510
369,24:1510,10239
24,574:1511
574,24:1511
24,71:1513
71,24:1513
24,228:1514
228,24:1514
24,55:1516
55,24:1516
24,469:1517
469,24:1517
24,210:1518,19005
210,24:1518,19005
24,159:1519
159,24:1519,5854
24,416:1520
416,24:1520
24,144:1521
144,24:1521
24,305:1522,298,2526
305,24:1522
24,304:1523,28949,28932
304,24:1523,28949
24,15:1524
15,24:1524
24,671:1525
671,24:1525
24,74:1526
74,24:1526
24,578:1527,62819
578,24:1527,62819
24,271:1528,1537
271,24:1528,1537
24,689:1529,121212,121565,120335,120846
689,24:1529,121212,121565
24,169:1530
169,24:1530
24,517:1531
517,24:1531
24,360:1532
360,24:1532
24,195:1533,15589,15608
195,24:1533,15589,15608
24,41:1534
41,24:1534,2526
24,520:1535
520,24:1535
25,39:1539
39,25:1539
25,130:1540
130,25:1540
25,149:1541
149,25:1541
25,82:1542
82,25:1542
25,166:1547
166,25:1547
25,279:1548,131141
279,25:1548,131141
25,114:1549
114,25:1549
25,37:1550
37,25:1550
25,139:1551
139,25:1551
25,86:1552
86,25:1552
25,53:1553
53,25:1553
25,570:1554
570,25:1554
25,28:1556
28,25:1556
25,326:1557
326,25:1557
25,97:1558
97,25:1558
25,516:1559,116208
516,25:1559
25,32:1560
32,25:1560
25,518:1561,1568
518,25:1561,1568,1564
25,683:1562
683,25:1562
25,315:1563
315,25:1563
25,470:1565
470,25:1565
25,78:1566,131144
78,25:1566,131144
25,654:1567
654,25:1567
25,167:1569
167,25:1569
25,156:1570
156,25:1570,1555
28,685:1571,1655,116393,116764,116775,116849,116885,117634,117664,117744,117932,168336,168355,168404,12734,116362
685,28:1571,1655,116393,116764,116775,116849,116885,117634,117664,117744,117932,168336,168355,168404,1615,1638,116362,117737
28,619:1572,1628,1664,90473,159713,90469
619,28:1572,1628,1664,90473,159713
28,96:1573,1667,8206
96,28:1573,1667,8206,1627
28,113:1574,10163,133912,10162
113,28:1574,10163,133912
28,299:1575,27832,27929
299,28:1575,27832,27929,27812
28,139:1576,1609,7107,25367
139,28:1576,1609,1620
28,464:1577
464,28:1577,42512
28,78:1579,1593,1607,5900,5982,5987,6099,6147,5961
78,28:1579,1593,1607,5900,5982,5987,6099,6147
28,271:1580,1612,1633,1647,1672,1674,1585,1613,662
271,28:1580,1612,1633,1647,1672,1674
28,408:1581
408,28:1581
28,98:1582,8444,117737
98,28:1582,8444
28,581:1583,64052,64574,65041,151204
581,28:1583,64052,64574,65041,151204,64971
28,305:1584,1662,131165,892,19630,28527,30903
305,28:1584,1662,131165,6983,32649
28,518:1587,1677,4310,35557,86806
518,28:1587,1677,28586,1439,4319,27961
28,28:1588,1588,1614,1614,1608,1679,19116
28,407:1590
407,28:1590
28,115:1591
115,28:1591
28,202:1592
202,28:1592
28,578:1594,63189,63379
578,28:1594,63189,63379
28,166:1595,1619,42512
166,28:1595,1619,10984,25032
28,516:1596,1630,1642,1673,131162
516,28:1596,1630,1642,1673,131162,49626
28,111:1598
111,28:1598
28,296:1599,27480,139707
296,28:1599,27480,139707
28,517:1601,1645,4060
517,28:1601,1645,29891
28,383:1604
383,28:1604
28,70:1606,4718,35648
70,28:1606,4718
28,497:1610,47777
497,28:1610,47777
28,5:1616
5,28:1616
28,146:1617,1643,11921,1586,1597,1620
146,28:1617,1643,11921
28,304:1621,1653,28794
304,28:1621,1653,28794
28,38:1623,131172,1319,62066
38,28:1623,131172,1585,1603,22943,2522
28,520:1624,37967,40105,1678
520,28:1624,27609
28,391:1625
391,28:1625
28,421:1626,36364,142578
421,28:1626,36364,142578,36458
28,287:1631,1676,1650
287,28:1631,1676
28,84:1632
84,28:1632
28,492:1634,46608,46917
492,28:1634,46608,46917
28,274:1635,139116
274,28:1635,139116,26475
28,293:1636,48463
293,28:1636,5030
28,200:1637,16903,17132
200,28:1637,16903,17132
28,179:1639,13804,127979
179,28:1639,13804
28,167:1640,1656
167,28:1640,1656,1641
28,276:1646,25809,25817,25852,131152
276,28:1646,25809,25817,25852,131152,25789
28,156:1648,1671,1730,16708,97053
156,28:1648,1671,1611,11203,57854
28,191:1649
191,28:1649
28,42:1651,1660,1046,33785
42,28:1651,1660,1589
28,143:1652,11651,11668
143,28:1652,11651,11668
28,633:1654,95604
633,28:1654,95604
28,106:1657,9404
106,28:1657
28,430:1658,1578,1627,1666,12011,67525
430,28:1658,39726,96383,1670
28,159:1659
159,28:1659
28,104:1661,8900,131155,133520
104,28:1661,8900,131155,133520
28,181:1665,135208
181,28:1665,135208
28,168:1668
168,28:1668
28,681:1669,113471,113824,114366,114396,115283,115422,167271,167464,167481,66225,114128,113492,113551
681,28:1669,113471,113824,114366,114396,115283,115422,167271,167464,167481,18369,111625,113551
28,339:1675,33828
339,28:1675,33785
28,662:1680,107568,165078,165236
662,28:1680,107568,165078,165236
28,307:1681,140288,2808
307,28:1681,140288
30,131:1682,1718
131,30:1682,1718
30,410:1683,1708
410,30:1683,1708,1716,1760
30,146:1684
146,30:1684
30,228:1685,131205
228,30:1685,131205
30,413:1686
413,30:1686
30,430:1688,1747,1766
430,30:1688,1747,1766
30,143:1689
143,30:1689
30,190:1690
190,30:1690
30,610:1692
610,30:1692
30,317:1694
317,30:1694
30,158:1695
158,30:1695
30,517:1696,1698,1772,131204
517,30:1696,1698,1772,131204
30,86:1697,7229,132940
86,30:1697,7229,132940
30,49:1699
49,30:1699,3257
30,367:1701,1733,1757,1758,1762,101047
367,30:1701,1733,1757,1758,1762
30,682:1702
682,30:1702
30,518:1704,1731,1752,1773,131192,1700
518,30:1704,1731,1752,1773,131192,1759
30,192:1705,131212,1716
192,30:1705,131212
30,683:1709,1707
683,30:1709
30,38:1710,1756,24771,28761
38,30:1710,1756
30,316:1712
316,30:1712
30,516:1717
516,30:1717
30,271:1719,1722,1736,16148
271,30:1719,1722,1736,16514
30,675:1720
675,30:1720
30,674:1721,131189
674,30:1721,131189
30,221:1723,1765
221,30:1723,1765
30,590:1724
590,30:1724
30,305:1725,131197,1755
305,30:1725,131197
30,30:1726,1726
30,268:1727
268,30:1727
30,295:1728
295,30:1728
30,320:1729
320,30:1729
30,166:1732
166,30:1732
30,293:1734
293,30:1734
30,686:1735,118717
686,30:1735,118717
30,685:1737,117682
685,30:1737,117682,114114
30,483:1738,1713
483,30:1738
30,635:1739
635,30:1739
30,333:1740
333,30:1740
30,284:1741
284,30:1741
30,269:1742
269,30:1742,88795
30,153:1745
153,30:1745
30,447:1746
447,30:1746
30,416:1748
416,30:1748
30,681:1750,113552,114114
681,30:1750
30,222:1751,137844
222,30:1751,137844
30,647:1761
647,30:1761
30,28:1763,131209,1730,3413
28,30:1763,131209
30,115:1764
115,30:1764
30,619:1767
619,30:1767
30,313:1768
313,30:1768,30361
30,411:1770
411,30:1770
30,380:1771,1711
380,30:1771
30,224:1774
224,30:1774
30,436:1775
436,30:1775
30,21:1776,131095
21,30:1776,131095
31,214:1777,20046
214,31:1777,20046
31,359:1778
359,31:1778
31,518:1780,1841,1848,131214,131222,131237,1818,16801,35610
518,31:1780,1841,1848,131214,131222,131237,1795,6790
31,71:1781,5035,5140,132294
71,31:1781,5035,5140,132294
31,305:1782,1794,1827,131228,8255,129352
305,31:1782,1794,1827,131228
31,270:1785
270,31:1785
31,106:1786,9431
106,31:1786,9431
31,454:1787,41053,41204
454,31:1787,41053,41204
31,348:1788,20201,34207
348,31:1788
31,150:1789,12069
150,31:1789
31,36:1790
36,31:1790,1818
31,357:1791
357,31:1791
31,144:1792
144,31:1792
31,598:1796
598,31:1796
31,210:1797,1846,18906,19178
210,31:1797,1846,18906,19178
31,516:1798,1832
516,31:1798,1832,1820
31,365:1800,1810
365,31:1800,1810
31,65:1801
65,31:1801
31,274:1803,25524
274,31:1803
31,517:1805
517,31:1805,90454
31,376:1806
376,31:1806
31,326:1807,1829
326,31:1807,1829
31,685:1808,116348,116652,116813,117296,121101
685,31:1808,116348,116652,116813,117296,11683
31,606:1809
606,31:1809
31,49:1811,3158,3224
49,31:1811,3158,3224
31,407:1814
407,31:1814,34207
31,370:1815
370,31:1815
31,70:1816,4874
70,31:1816,4874
31,107:1817
107,31:1817
31,369:1819,142345
369,31:1819,142345
31,308:1821
308,31:1821
31,193:1822
193,31:1822
31,328:1823,141554
328,31:1823,141554
31,296:1824,94717
296,31:1824
31,273:1826
273,31:1826,25524
31,5:1828
5,31:1828
31,67:1830
67,31:1830
31,430:1831
430,31:1831,321,36583
31,309:1833,29645,29732,140447
309,31:1833,29645,29732,140447
31,654:1834,103424,103356
654,31:1834,103424
31,139:1835
139,31:1835,29825
31,519:1836
519,31:1836
31,320:1837,31574,31599
320,31:1837,31574,31599
31,483:1838
483,31:1838
31,190:1842
190,31:1842
31,382:1844
382,31:1844
31,695:1845,128647,129415
695,31:1845,128647,129415,129352
31,520:1847,131240,1714
520,31:1847,131240
31,41:1849,2488
41,31:1849,2488
31,166:1851,1799
166,31:1851
32,228:1852,1864
228,32:1852,1864,1891
32,382:1853,131254
382,32:1853,131254
32,32:1854,1854
32,417:1855,27915
417,32:1855
32,305:1856,1876,1913
305,32:1856,1876,1913,1951,86379
32,518:1857,1870,1882,1894,1900,1914,1963,9904,10089,1943
518,32:1857,1870,1882,1894,1900,1914,1963,1902,1916,1939,6373,101380
32,687:1859
687,32:1859
32,520:1860,1942
520,32:1860,1942
32,376:1861
376,32:1861
32,193:1862
193,32:1862
32,120:1863
120,32:1863,1947
32,109:1866
109,32:1866,9904
32,686:1867
686,32:1867
32,555:1868
555,32:1868
32,367:1869,1887,1928
367,32:1869,1887,1928
32,92:1871
92,32:1871
32,674:1872
674,32:1872
32,28:1873,131266
28,32:1873,131266
32,64:1874
64,32:1874
32,82:1875,1920
82,32:1875,1920,1865
32,661:1878
661,32:1878
32,599:1879
599,32:1879
32,36:1881,131250,1902,126168
36,32:1881,131250
32,641:1883
641,32:1883
32,516:1884,1891
516,32:1884
32,114:1885
114,32:1885,1938
32,396:1886
396,32:1886
32,469:1888
469,32:1888
32,49:1890,3193
49,32:1890,3193
32,307:1892,29184
307,32:1892,29184
32,381:1895
381,32:1895
32,359:1896,1901,1957
359,32:1896,1901,1957
32,164:1897
164,32:1897
32,608:1898
608,32:1898
32,492:1899
492,32:1899
32,366:1903,1880
366,32:1903
32,300:1906,28078,131259
300,32:1906,28078,131259
32,690:1907
690,32:1907
32,127:1908
127,32:1908
32,150:1909
150,32:1909
32,271:1911,1944,18045
271,32:1911,1944,1877
32,192:1912
192,32:1912
32,71:1915
71,32:1915
32,304:1918
304,32:1918,90984
32,170:1919
170,32:1919
32,680:1923,112998
680,32:1923,112998
32,407:1924
407,32:1924
32,618:1925,131241
618,32:1925,131241
32,410:1926,1956
410,32:1926
32,383:1927
383,32:1927
32,166:1929,1960
166,32:1929,1960
32,24:1930
24,32:1930
32,156:1931
156,32:1931,13457
32,79:1932,1955,132662,6373
79,32:1932,1955,132662
32,68:1933
68,32:1933
32,519:1934,1916
519,32:1934
32,191:1935
191,32:1935
32,268:1936,1937
268,32:1936,1937
32,308:1940,1938
308,32:1940
32,121:1941
121,32:1941
32,689:1945
689,32:1945
32,3:1946
3,32:1946
32,361:1948
361,32:1948
32,149:1949
149,32:1949
32,51:1952
51,32:1952,32208
32,411:1953
411,32:1953
32,430:1958,1893
430,32:1958
32,131:1959
131,32:1959
32,517:1962,131248
517,32:1962,131248,1922
32,365:1964
365,32:1964
32,137:1965,11328
137,32:1965,11328
32,413:1966
413,32:1966
33,305:1968,1973,2008,2126,2140,31270,47507,2107
305,33:1968,1973,2008,2126,1980,1996,2079,44312
33,42:1971,2132
42,33:1971,2132,1970,2045,2140,2097,32807
33,37:1972
37,33:1972
33,384:1974
384,33:1974
33,139:1975,2053,22864
139,33:1975,2053,2056
33,38:1976,2075,2094,2346
38,33:1976,2075,2094
33,370:1977
370,33:1977
33,695:1978,2035,131299,171410
695,33:1978,2035,131299,171410
33,383:1981,2068,2141
383,33:1981,2068
33,592:1982,2089
592,33:1982,2089
33,621:1983
621,33:1983
33,24:1984
24,33:1984,27639
33,140:1985,2051
140,33:1985,2051
33,282:1986,1979
282,33:1986
33,193:1987
193,33:1987
33,159:1989,2105
159,33:1989,2105
33,427:1990,2046
427,33:1990,2046
33,681:1991,114909,167541
681,33:1991,114909,167541
33,166:1992
166,33:1992
33,293:1993,2085,27418
293,33:1993,2085,27282
33,500:1994
500,33:1994
33,412:1995,2062,6232
412,33:1995,2062
33,516:1997,2110,27282
516,33:1997
33,382:1999
382,33:1999
33,359:2000,131324
359,33:2000,131324,24092
33,63:2002,131995,4244
63,33:2002,131995
33,208:2003,2086,18388
208,33:2003,2086,18388
33,518:2005,2009,2123,131318,2045,2060,2070
518,33:2005,2009,2123,131318,1700
33,307:2006,2133,131308
307,33:2006,2133,131308
33,155:2010
155,33:2010
33,311:2011
311,33:2011
33,629:2014,93859
629,33:2014,93859
33,570:2015
570,33:2015
33,157:2016
157,33:2016,21967
33,17:2017
17,33:2017
33,323:2018
323,33:2018
33,409:2019,2056,2135
409,33:2019
33,410:2020
410,33:2020,38919
33,295:2021
295,33:2021
33,51:2022,2129
51,33:2022,2129,2141
33,601:2023,2088
601,33:2023
33,270:2024
270,33:2024
33,682:2025
682,33:2025
33,296:2026,2061
296,33:2026,2061
33,683:2028,2066,2130,115871
683,33:2028,2066,2130,115871,1998
33,211:2029,2031,19370
211,33:2029,2031,19370
33,105:2030
105,33:2030
33,468:2032,131310
468,33:2032,131310
33,691:2033,2092,122336
691,33:2033,2092,122336
33,349:2034
349,33:2034,2234
33,605:2037
605,33:2037
33,600:2039
600,33:2039
33,430:2042,2122,106855
430,33:2042,2122,11110,27418,60454,107282
33,288:2043
288,33:2043
33,44:2044,131507
44,33:2044,131507
33,554:2050
554,33:2050
33,506:2052
506,33:2052
33,419:2054
419,33:2054
33,372:2055
372,33:2055
33,366:2057,2124
366,33:2057,2124,2346,2104
33,187:2058,15194
187,33:2058,15194
33,58:2059
58,33:2059
33,39:2063
39,33:2063,2110
33,369:2064
369,33:2064
33,356:2065
356,33:2065
33,367:2067,131316,131339
367,33:2067,131316,131339,2040
33,130:2069,11110
130,33:2069
33,41:2071,2106,2534,131302,131451,2515
41,33:2071,2106,2534,131302,131451
33,80:2072
80,33:2072
33,171:2073
171,33:2073
33,220:2074
220,33:2074
33,43:2076
43,33:2076
33,271:2077,2114,2143,131294,2079,2081,2084,35518
271,33:2077,2114,2143,131294,4048,48811
33,111:2080
111,33:2080
33,685:2082,116744,117019,131333,168253,2012
685,33:2082,116744,117019,131333,168253,2012
33,163:2083
163,33:2083
33,167:2087
167,33:2087
33,248:2090
248,33:2090
33,350:2091,2096
350,33:2091,2096
33,315:2093,2125,30660,131304,27172
315,33:2093,2125,30660,131304,2084,30328
33,36:2095,2109
36,33:2095
33,301:2101,28165,2027
301,33:2101,28165,42283
33,68:2102,131279,62742
68,33:2102,131279
33,470:2103
470,33:2103
33,312:2108
312,33:2108
33,164:2111
164,33:2111
33,31:2113
31,33:2113
33,190:2115
190,33:2115
33,442:2116
442,33:2116
33,492:2117
492,33:2117
33,687:2118
687,33:2118
33,596:2119
596,33:2119
33,365:2120,131336
365,33:2120,131336
33,79:2121,132668,91261
79,33:2121,132668
33,272:2128,139022,139029,25296
272,33:2128,139022,139029
33,407:2131
407,33:2131
33,169:2134
169,33:2134
33,416:2136
416,33:2136
33,519:2137,131320
519,33:2137,131320
33,684:2138
684,33:2138
33,302:2139
302,33:2139
33,284:2142,131291
284,33:2142,131291
33,380:2144
380,33:2144,14032,22706,83094
34,273:2147
273,34:2147
34,688:2148
688,34:2148
34,516:2149
516,34:2149
34,518:2150
518,34:2150
34,305:2152
305,34:2152
34,166:2153
166,34:2153
34,115:2155
115,34:2155
34,519:2156
519,34:2156
34,147:2157
147,34:2157
34,271:2158
271,34:2158
34,191:2159,2164
191,34:2159,2164
34,590:2160
590,34:2160
34,41:2165
41,34:2165
34,576:2167
576,34:2167
35,139:2168
139,35:2168
35,111:2169
111,35:2169
35,122:2170
122,35:2170
35,88:2171
88,35:2171
